-0.043398,-0.057242,-0.589416,-0.999348,-0.017837,0.031398
-0.042526,-0.078093,-0.573497,0.999348,0.017837,-0.031398
-0.042888,-0.050999,-0.569643,-0.999348,-0.017837,0.031398
-0.076115,-0.064102,-0.758089,0.000000,0.869484,0.493962
-0.088302,-0.063515,-0.746978,0.999348,0.017837,-0.031398
-0.046465,0.000658,-0.654140,-0.999348,-0.017837,0.031398
-0.043243,-0.039471,-0.574370,0.999348,0.017837,-0.031398
-0.085280,-0.035426,-0.634850,-0.999348,-0.017837,0.031398
-0.087442,-0.032654,-0.702062,0.999348,0.017837,-0.031398
-0.083486,-0.107984,-0.618973,0.999348,0.017837,-0.031398
-0.086114,-0.032434,-0.659691,0.999348,0.017837,-0.031398
-0.088563,-0.009582,-0.724646,0.999348,0.017837,-0.031398
-0.079270,-0.045848,-0.550467,-0.036111,0.493639,-0.868917
-0.078934,-0.026101,-0.581866,-0.000000,-0.869484,-0.493962
-0.085514,-0.074950,-0.664748,0.999348,0.017837,-0.031398
-0.085084,-0.090691,-0.660006,0.999348,0.017837,-0.031398
-0.089635,-0.037664,-0.774737,-0.999348,-0.017837,0.031398
-0.049602,-0.041486,-0.554785,-0.000000,-0.869484,-0.493962
-0.083276,-0.083298,-0.598242,0.999348,0.017837,-0.031398
-0.047833,-0.031016,-0.715685,0.999348,0.017837,-0.031398
-0.084609,-0.020269,-0.604884,0.999348,0.017837,-0.031398
-0.047026,-0.025294,-0.686729,0.999348,0.017837,-0.031398
-0.042432,-0.110071,-0.588683,0.999348,0.017837,-0.031398
-0.045866,-0.039893,-0.658109,-0.999348,-0.017837,0.031398
-0.045184,-0.129700,-0.642622,0.000000,0.869484,0.493962
-0.089876,-0.028643,-0.777261,-0.999348,-0.017837,0.031398
-0.049050,0.014788,-0.728388,-0.999348,-0.017837,0.031398
-0.044232,-0.141394,-0.606203,0.036111,-0.493639,0.868917
-0.065558,0.003115,-0.633293,0.000000,0.869484,0.493962
-0.048215,-0.000384,-0.710421,-0.999348,-0.017837,0.031398
-0.087463,-0.048174,-0.711567,-0.999348,-0.017837,0.031398
-0.047437,0.006079,-0.682000,-0.999348,-0.017837,0.031398
-0.087231,-0.034713,-0.696518,-0.999348,-0.017837,0.031398
-0.089413,-0.038886,-0.768360,0.999348,0.017837,-0.031398
-0.086265,-0.024714,-0.660094,0.999348,0.017837,-0.031398
-0.046069,-0.051197,-0.671000,0.999348,0.017837,-0.031398
-0.087592,-0.022273,-0.700949,0.999348,0.017837,-0.031398
-0.085082,-0.046274,-0.634683,0.999348,0.017837,-0.031398
-0.085089,-0.078949,-0.653494,0.999348,0.017837,-0.031398
-0.048722,-0.051855,-0.755822,0.999348,0.017837,-0.031398
-0.088089,-0.047062,-0.730851,0.999348,0.017837,-0.031398
-0.046431,-0.084808,-0.701619,0.999348,0.017837,-0.031398
-0.087531,0.000829,-0.685879,0.999348,0.017837,-0.031398
-0.043256,-0.138449,-0.627222,0.000000,0.869484,0.493962
-0.085536,-0.032682,-0.641418,0.999348,0.017837,-0.031398
-0.086107,0.005519,-0.637891,-0.999348,-0.017837,0.031398
-0.074259,-0.034639,-0.566838,-0.000000,-0.869484,-0.493962
-0.061328,-0.000908,-0.767598,0.036111,-0.493639,0.868917
-0.085658,-0.010572,-0.632735,-0.999348,-0.017837,0.031398
-0.048300,-0.027473,-0.728515,0.999348,0.017837,-0.031398
-0.083182,-0.057247,-0.580456,0.999348,0.017837,-0.031398
-0.044490,-0.071493,-0.632252,-0.999348,-0.017837,0.031398
-0.050287,0.033271,-0.686375,0.000000,0.869484,0.493962
-0.083045,-0.079976,-0.589010,-0.999348,-0.017837,0.031398
-0.048683,-0.032409,-0.570763,-0.000000,-0.869484,-0.493962
-0.087229,-0.079781,-0.722059,-0.999348,-0.017837,0.031398
-0.066748,-0.128567,-0.597980,0.036111,-0.493639,0.868917
-0.049194,-0.019225,-0.752290,-0.999348,-0.017837,0.031398
-0.083217,-0.097712,-0.604563,-0.999348,-0.017837,0.031398
-0.058960,-0.021254,-0.779256,0.036111,-0.493639,0.868917
-0.087045,0.012613,-0.663710,0.999348,0.017837,-0.031398
-0.069805,-0.065512,-0.562031,0.036111,-0.493639,0.868917
-0.047070,-0.065329,-0.710882,0.999348,0.017837,-0.031398
-0.064563,-0.029520,-0.575848,0.000000,0.869484,0.493962
-0.081284,-0.136619,-0.630444,-0.000000,-0.869484,-0.493962
-0.047488,0.001531,-0.686188,-0.999348,-0.017837,0.031398
-0.046620,-0.031686,-0.677430,-0.999348,-0.017837,0.031398
-0.072435,-0.101003,-0.693137,0.000000,0.869484,0.493962
-0.070105,0.038270,-0.744976,-0.036111,0.493639,-0.868917
-0.082640,-0.078661,-0.575385,-0.999348,-0.017837,0.031398
-0.043347,-0.069307,-0.565287,0.036111,-0.493639,0.868917
-0.085493,-0.087702,-0.671314,-0.999348,-0.017837,0.031398
-0.045462,-0.005561,-0.625735,-0.999348,-0.017837,0.031398
-0.047567,-0.067164,-0.727741,-0.999348,-0.017837,0.031398
-0.042755,-0.042523,-0.560579,-0.999348,-0.017837,0.031398
-0.080316,0.015159,-0.757682,-0.036111,0.493639,-0.868917
-0.049998,-0.031656,-0.784951,-0.999348,-0.017837,0.031398
-0.089375,0.018268,-0.734680,0.999348,0.017837,-0.031398
-0.042881,-0.133175,-0.616103,-0.999348,-0.017837,0.031398
-0.046281,-0.015158,-0.657264,0.999348,0.017837,-0.031398
-0.047490,-0.026739,-0.702341,-0.999348,-0.017837,0.031398
-0.044713,-0.086099,-0.647658,0.999348,0.017837,-0.031398
-0.087076,-0.045074,-0.697487,-0.999348,-0.017837,0.031398
-0.086314,-0.077641,-0.691743,0.999348,0.017837,-0.031398
-0.052270,-0.088921,-0.576059,-0.036111,0.493639,-0.868917
-0.047648,0.012401,-0.685107,-0.999348,-0.017837,0.031398
-0.052977,-0.116827,-0.665282,-0.000000,-0.869484,-0.493962
-0.043146,-0.109681,-0.611170,0.999348,0.017837,-0.031398
-0.049681,0.030651,-0.739462,0.999348,0.017837,-0.031398
-0.088003,-0.025959,-0.716131,0.999348,0.017837,-0.031398
-0.044424,-0.045507,-0.615393,0.999348,0.017837,-0.031398
-0.051105,-0.088933,-0.714383,0.000000,0.869484,0.493962
-0.056928,0.052640,-0.720468,0.000000,0.869484,0.493962
-0.087908,0.014742,-0.689998,0.999348,0.017837,-0.031398
-0.048023,-0.065461,-0.741300,0.999348,0.017837,-0.031398
-0.087247,-0.026780,-0.692519,-0.999348,-0.017837,0.031398
-0.047491,0.020788,-0.675362,0.999348,0.017837,-0.031398
-0.048672,-0.036950,-0.745752,0.999348,0.017837,-0.031398
-0.071775,-0.120096,-0.592959,0.036111,-0.493639,0.868917
-0.045320,-0.085107,-0.666424,0.999348,0.017837,-0.031398
-0.083581,-0.052528,-0.590465,0.999348,0.017837,-0.031398
-0.044734,-0.083400,-0.573236,-0.036111,0.493639,-0.868917
-0.081664,0.055100,-0.724798,0.000000,0.869484,0.493962
-0.079824,-0.115976,-0.666779,-0.000000,-0.869484,-0.493962
-0.043689,-0.108538,-0.627831,0.999348,0.017837,-0.031398
-0.086620,-0.013946,-0.665285,-0.999348,-0.017837,0.031398
-0.044710,-0.047217,-0.625480,-0.999348,-0.017837,0.031398
-0.071801,0.032238,-0.748333,0.036111,-0.493639,0.868917
-0.086242,0.023279,-0.668787,-0.000000,-0.869484,-0.493962
-0.084592,-0.036716,-0.613688,0.999348,0.017837,-0.031398
-0.054974,0.021123,-0.664992,-0.000000,-0.869484,-0.493962
-0.063149,-0.076184,-0.736822,0.000000,0.869484,0.493962
-0.049115,-0.012963,-0.746229,0.999348,0.017837,-0.031398
-0.060210,-0.055530,-0.556760,0.036111,-0.493639,0.868917
-0.048057,-0.014383,-0.713361,-0.999348,-0.017837,0.031398
-0.084165,-0.029537,-0.595998,0.999348,0.017837,-0.031398
-0.084161,0.032037,-0.747933,-0.036111,0.493639,-0.868917
-0.055516,-0.114344,-0.590367,0.036111,-0.493639,0.868917
-0.080279,-0.067521,-0.562737,0.036111,-0.493639,0.868917
-0.088970,0.006080,-0.728692,0.999348,0.017837,-0.031398
-0.085576,-0.104414,-0.683447,-0.999348,-0.017837,0.031398
-0.047101,-0.043252,-0.699343,0.999348,0.017837,-0.031398
-0.083699,-0.075067,-0.607052,0.999348,0.017837,-0.031398
-0.083043,-0.041699,-0.567200,-0.999348,-0.017837,0.031398
-0.085289,-0.018981,-0.625773,-0.999348,-0.017837,0.031398
-0.072482,-0.082271,-0.726108,0.000000,0.869484,0.493962
-0.089586,-0.024309,-0.765586,0.999348,0.017837,-0.031398
-0.089747,-0.007676,-0.761240,0.999348,0.017837,-0.031398
-0.089318,0.048639,-0.715613,0.999348,0.017837,-0.031398
-0.048655,0.006732,-0.720402,0.999348,0.017837,-0.031398
-0.071147,0.055182,-0.735325,-0.036111,0.493639,-0.868917
-0.050089,-0.014752,-0.775930,0.036111,-0.493639,0.868917
-0.084742,-0.058546,-0.630840,-0.999348,-0.017837,0.031398
-0.067613,-0.026788,-0.580658,-0.000000,-0.869484,-0.493962
-0.084381,-0.081974,-0.632657,0.999348,0.017837,-0.031398
-0.088571,-0.034885,-0.739268,-0.999348,-0.017837,0.031398
-0.047571,-0.042618,-0.713913,-0.999348,-0.017837,0.031398
-0.049976,0.003071,-0.764503,0.999348,0.017837,-0.031398
-0.085015,0.057121,-0.733647,0.036111,-0.493639,0.868917
-0.053112,-0.113567,-0.671021,0.000000,0.869484,0.493962
-0.048922,0.028276,-0.716657,-0.999348,-0.017837,0.031398
-0.079474,-0.041305,-0.555104,0.000000,0.869484,0.493962
-0.043035,-0.090199,-0.596598,-0.999348,-0.017837,0.031398
-0.088738,0.038972,-0.702621,0.999348,0.017837,-0.031398
-0.074683,-0.102806,-0.583016,-0.036111,0.493639,-0.868917
-0.048929,-0.020463,-0.744573,0.999348,0.017837,-0.031398
-0.057291,-0.087819,-0.716343,0.000000,0.869484,0.493962
-0.044036,-0.112254,-0.640963,-0.999348,-0.017837,0.031398
-0.045366,-0.074037,-0.661586,-0.999348,-0.017837,0.031398
-0.042615,-0.126684,-0.603953,0.999348,0.017837,-0.031398
-0.082896,-0.099923,-0.595587,0.999348,0.017837,-0.031398
-0.074425,0.021932,-0.754079,-0.036111,0.493639,-0.868917
-0.071103,-0.046877,-0.551391,0.036111,-0.493639,0.868917
-0.047602,-0.016869,-0.700279,-0.999348,-0.017837,0.031398
-0.043923,-0.134964,-0.602563,-0.036111,0.493639,-0.868917
-0.083434,-0.130590,-0.630131,0.999348,0.017837,-0.031398
-0.043480,-0.086325,-0.608545,-0.999348,-0.017837,0.031398
-0.060225,-0.061410,-0.762828,0.000000,0.869484,0.493962
-0.085817,-0.042253,-0.655812,0.999348,0.017837,-0.031398
-0.086738,-0.062734,-0.696771,0.999348,0.017837,-0.031398
-0.073123,0.039936,-0.698108,-0.000000,-0.869484,-0.493962
-0.083196,-0.045815,-0.574405,0.999348,0.017837,-0.031398
-0.060251,0.021064,-0.755161,-0.036111,0.493639,-0.868917
-0.088676,0.013123,-0.715340,-0.999348,-0.017837,0.031398
-0.062810,0.011051,-0.760743,0.036111,-0.493639,0.868917
-0.043252,-0.112629,-0.616223,-0.999348,-0.017837,0.031398
-0.088190,-0.038472,-0.729178,0.999348,0.017837,-0.031398
-0.052282,-0.004593,-0.619726,-0.000000,-0.869484,-0.493962
-0.045882,-0.063352,-0.671934,0.999348,0.017837,-0.031398
-0.055005,-0.059993,-0.765323,0.000000,0.869484,0.493962
-0.054318,0.028869,-0.678627,-0.000000,-0.869484,-0.493962
-0.047286,-0.075527,-0.723567,0.999348,0.017837,-0.031398
-0.088365,0.030467,-0.695581,-0.999348,-0.017837,0.031398
-0.085792,-0.014444,-0.639208,0.999348,0.017837,-0.031398
-0.049130,-0.046012,-0.765477,0.999348,0.017837,-0.031398
-0.059906,-0.027637,-0.579164,0.000000,0.869484,0.493962
-0.064295,-0.034714,-0.566706,0.000000,0.869484,0.493962
-0.067245,0.021094,-0.754853,-0.036111,0.493639,-0.868917
-0.048670,0.018473,-0.714215,-0.999348,-0.017837,0.031398
-0.047395,-0.051175,-0.713201,0.999348,0.017837,-0.031398
-0.069818,-0.013174,-0.604622,-0.000000,-0.869484,-0.493962
-0.044668,-0.102136,-0.655328,0.999348,0.017837,-0.031398
-0.085270,-0.069527,-0.653891,-0.999348,-0.017837,0.031398
-0.045370,-0.031313,-0.637441,0.999348,0.017837,-0.031398
-0.043975,-0.032857,-0.593922,0.999348,0.017837,-0.031398
-0.075241,0.017421,-0.658476,-0.000000,-0.869484,-0.493962
-0.085422,-0.092961,-0.707291,0.000000,0.869484,0.493962
-0.059422,-0.042054,-0.553786,-0.000000,-0.869484,-0.493962
-0.089450,-0.030927,-0.765001,0.999348,0.017837,-0.031398
-0.055319,-0.121007,-0.594161,-0.036111,0.493639,-0.868917
-0.084884,-0.051803,-0.631546,0.999348,0.017837,-0.031398
-0.085913,-0.087923,-0.684823,0.999348,0.017837,-0.031398
-0.058854,-0.002841,-0.622810,-0.000000,-0.869484,-0.493962
-0.043995,-0.038032,-0.597487,0.999348,0.017837,-0.031398
-0.080215,-0.120345,-0.659090,-0.000000,-0.869484,-0.493962
-0.044257,-0.076999,-0.627974,-0.999348,-0.017837,0.031398
-0.058455,-0.049767,-0.783323,0.000000,0.869484,0.493962
-0.074347,0.031686,-0.683585,-0.000000,-0.869484,-0.493962
-0.088597,0.021325,-0.708175,-0.999348,-0.017837,0.031398
-0.077719,-0.094774,-0.704100,-0.000000,-0.869484,-0.493962
-0.047029,-0.034407,-0.692024,0.999348,0.017837,-0.031398
-0.057422,-0.103759,-0.688285,0.000000,0.869484,0.493962
-0.085679,-0.020286,-0.638947,-0.999348,-0.017837,0.031398
-0.069144,-0.119102,-0.661278,-0.000000,-0.869484,-0.493962
-0.087452,-0.029492,-0.782752,0.036111,-0.493639,0.868917
-0.082730,-0.056975,-0.565924,-0.999348,-0.017837,0.031398
-0.089096,0.036391,-0.715504,0.999348,0.017837,-0.031398
-0.087519,-0.004043,-0.768291,0.036111,-0.493639,0.868917
-0.043552,-0.048280,-0.589231,0.999348,0.017837,-0.031398
-0.087116,-0.011000,-0.679399,-0.999348,-0.017837,0.031398
-0.043076,-0.055440,-0.578131,-0.999348,-0.017837,0.031398
-0.042444,-0.090688,-0.578042,-0.999348,-0.017837,0.031398
-0.081610,-0.147772,-0.610812,0.000000,0.869484,0.493962
-0.049447,-0.021479,-0.761630,-0.999348,-0.017837,0.031398
-0.084739,-0.090970,-0.649159,-0.999348,-0.017837,0.031398
-0.054740,-0.039590,-0.558123,-0.000000,-0.869484,-0.493962
-0.043351,-0.094549,-0.609099,0.999348,0.017837,-0.031398
-0.049497,-0.043497,-0.775714,0.999348,0.017837,-0.031398
-0.049440,-0.038221,-0.560532,-0.000000,-0.869484,-0.493962
-0.075004,-0.024130,-0.780223,-0.036111,0.493639,-0.868917
-0.086789,-0.001816,-0.663778,0.999348,0.017837,-0.031398
-0.048089,0.012060,-0.699351,-0.999348,-0.017837,0.031398
-0.085505,-0.050271,-0.650418,0.999348,0.017837,-0.031398
-0.062496,-0.009129,-0.772221,-0.036111,0.493639,-0.868917
-0.048043,-0.121575,-0.594786,-0.036111,0.493639,-0.868917
-0.048847,-0.063488,-0.759170,-0.000000,-0.869484,-0.493962
-0.045528,-0.108812,-0.679391,0.000000,0.869484,0.493962
-0.070726,-0.129366,-0.643211,0.000000,0.869484,0.493962
-0.063882,-0.139744,-0.624942,-0.000000,-0.869484,-0.493962
-0.059131,-0.131429,-0.639579,0.000000,0.869484,0.493962
-0.082458,-0.010448,-0.609420,0.000000,0.869484,0.493962
-0.088005,-0.005777,-0.704737,0.999348,0.017837,-0.031398
-0.049512,0.046818,-0.724894,-0.999348,-0.017837,0.031398
-0.048631,-0.043708,-0.748272,-0.999348,-0.017837,0.031398
-0.087464,-0.005731,-0.687479,0.999348,0.017837,-0.031398
-0.087592,-0.011449,-0.694813,0.999348,0.017837,-0.031398
-0.085945,-0.062651,-0.671458,0.999348,0.017837,-0.031398
-0.068042,0.026518,-0.751739,-0.036111,0.493639,-0.868917
-0.085005,-0.103887,-0.664976,-0.999348,-0.017837,0.031398
-0.084983,-0.041328,-0.628742,0.999348,0.017837,-0.031398
-0.088669,-0.003796,-0.724751,0.999348,0.017837,-0.031398
-0.088753,-0.028944,-0.741712,0.999348,0.017837,-0.031398
-0.087680,-0.037441,-0.712383,0.999348,0.017837,-0.031398
-0.068119,0.055123,-0.724840,-0.000000,-0.869484,-0.493962
-0.084741,-0.109253,-0.659610,-0.999348,-0.017837,0.031398
-0.078872,0.056713,-0.734135,0.036111,-0.493639,0.868917
-0.084852,-0.017508,-0.611025,-0.999348,-0.017837,0.031398
-0.079855,-0.079724,-0.569688,0.036111,-0.493639,0.868917
-0.043942,-0.088904,-0.624710,-0.999348,-0.017837,0.031398
-0.045355,-0.042978,-0.643609,-0.999348,-0.017837,0.031398
-0.068660,-0.004754,-0.619442,-0.000000,-0.869484,-0.493962
-0.086881,-0.045962,-0.691788,0.999348,0.017837,-0.031398
-0.048869,-0.056099,-0.762885,0.999348,0.017837,-0.031398
-0.083496,-0.036919,-0.578915,0.999348,0.017837,-0.031398
-0.045379,-0.048921,-0.647732,-0.999348,-0.017837,0.031398
-0.047418,-0.040411,-0.707794,-0.999348,-0.017837,0.031398
-0.063445,-0.144366,-0.616807,-0.000000,-0.869484,-0.493962
-0.084263,-0.107207,-0.643234,-0.999348,-0.017837,0.031398
-0.089287,-0.017276,-0.752067,-0.999348,-0.017837,0.031398
-0.049149,0.037652,-0.718562,0.999348,0.017837,-0.031398
-0.087142,-0.076407,-0.717376,-0.999348,-0.017837,0.031398
-0.083678,-0.043654,-0.588519,0.999348,0.017837,-0.031398
-0.080815,-0.078300,-0.733098,0.000000,0.869484,0.493962
-0.049711,-0.066396,-0.754053,-0.000000,-0.869484,-0.493962
-0.075619,-0.029013,-0.576742,0.000000,0.869484,0.493962
-0.072946,-0.141457,-0.605046,-0.036111,0.493639,-0.868917
-0.085060,-0.034114,-0.627095,0.999348,0.017837,-0.031398
-0.048062,0.004056,-0.703048,-0.999348,-0.017837,0.031398
-0.047616,-0.072578,-0.732370,-0.999348,-0.017837,0.031398
-0.049160,-0.036224,-0.760864,-0.999348,-0.017837,0.031398
-0.089867,0.041727,-0.736990,-0.999348,-0.017837,0.031398
-0.087862,0.003828,-0.694730,-0.999348,-0.017837,0.031398
-0.070147,0.006131,-0.638603,0.000000,0.869484,0.493962
-0.089288,-0.007030,-0.746279,-0.999348,-0.017837,0.031398
-0.085335,-0.088434,-0.715260,0.000000,0.869484,0.493962
-0.089925,-0.018809,-0.773244,0.999348,0.017837,-0.031398
-0.042705,-0.112400,-0.598707,-0.999348,-0.017837,0.031398
-0.046901,-0.010069,-0.674117,0.999348,0.017837,-0.031398
-0.047756,-0.037252,-0.716780,0.999348,0.017837,-0.031398
-0.051425,-0.148154,-0.610139,0.000000,0.869484,0.493962
-0.043739,-0.050009,-0.596144,0.999348,0.017837,-0.031398
-0.083325,-0.068910,-0.591631,0.999348,0.017837,-0.031398
-0.082853,-0.085158,-0.585834,-0.999348,-0.017837,0.031398
-0.047211,-0.012558,-0.685387,-0.999348,-0.017837,0.031398
-0.045498,-0.076236,-0.667028,-0.999348,-0.017837,0.031398
-0.048538,-0.057198,-0.752990,0.999348,0.017837,-0.031398
-0.042937,-0.122839,-0.611998,0.999348,0.017837,-0.031398
-0.078497,0.008025,-0.641936,-0.000000,-0.869484,-0.493962
-0.085062,-0.013365,-0.615363,0.999348,0.017837,-0.031398
-0.086202,-0.055220,-0.675425,0.999348,0.017837,-0.031398
-0.045865,-0.032578,-0.653919,-0.999348,-0.017837,0.031398
-0.083954,-0.058162,-0.605551,0.999348,0.017837,-0.031398
-0.044141,-0.119653,-0.648531,0.999348,0.017837,-0.031398
-0.055619,-0.030120,-0.574793,0.000000,0.869484,0.493962
-0.086841,0.006010,-0.660973,0.999348,0.017837,-0.031398
-0.047897,-0.006880,-0.704014,-0.999348,-0.017837,0.031398
-0.082403,0.018353,-0.660115,-0.000000,-0.869484,-0.493962
-0.049439,-0.006385,-0.752809,0.999348,0.017837,-0.031398
-0.043586,-0.123592,-0.633099,0.999348,0.017837,-0.031398
-0.086973,-0.055355,-0.700058,-0.999348,-0.017837,0.031398
-0.063545,-0.031391,-0.784824,-0.036111,0.493639,-0.868917
-0.045189,-0.011897,-0.620669,-0.999348,-0.017837,0.031398
-0.088413,-0.063385,-0.759351,0.000000,0.869484,0.493962
-0.047275,-0.001094,-0.680915,-0.999348,-0.017837,0.031398
-0.089491,0.018158,-0.755597,-0.036111,0.493639,-0.868917
-0.043609,-0.092235,-0.616008,0.999348,0.017837,-0.031398
-0.071734,-0.075649,-0.737765,0.000000,0.869484,0.493962
-0.046569,0.010452,-0.651870,0.999348,0.017837,-0.031398
-0.056955,-0.037258,-0.788431,0.036111,-0.493639,0.868917
-0.049814,0.020615,-0.749382,-0.999348,-0.017837,0.031398
-0.069436,0.005514,-0.763613,0.036111,-0.493639,0.868917
-0.071767,-0.003857,-0.768840,0.036111,-0.493639,0.868917
-0.084831,-0.014483,-0.774334,0.036111,-0.493639,0.868917
-0.063240,0.048263,-0.712764,0.000000,0.869484,0.493962
-0.046783,-0.019827,-0.675907,-0.999348,-0.017837,0.031398
-0.083633,-0.118966,-0.629875,-0.999348,-0.017837,0.031398
-0.055704,0.048962,-0.713996,0.000000,0.869484,0.493962
-0.048676,0.040088,-0.702108,0.999348,0.017837,-0.031398
-0.088884,-0.013209,-0.736922,-0.999348,-0.017837,0.031398
-0.043982,-0.069858,-0.615178,-0.999348,-0.017837,0.031398
-0.047111,-0.051683,-0.704442,0.999348,0.017837,-0.031398
-0.045766,-0.096100,-0.686872,0.999348,0.017837,-0.031398
-0.049221,0.002250,-0.740951,0.999348,0.017837,-0.031398
-0.082770,-0.094139,-0.588300,-0.999348,-0.017837,0.031398
-0.046786,-0.072364,-0.705852,0.999348,0.017837,-0.031398
-0.086257,-0.067696,-0.684265,-0.999348,-0.017837,0.031398
-0.045905,-0.070720,-0.676852,0.999348,0.017837,-0.031398
-0.085700,-0.055332,-0.659528,-0.999348,-0.017837,0.031398
-0.080845,0.045580,-0.740377,0.036111,-0.493639,0.868917
-0.071284,-0.010364,-0.609567,0.000000,0.869484,0.493962
-0.089475,0.046243,-0.721957,-0.999348,-0.017837,0.031398
-0.067469,-0.058280,-0.768338,0.000000,0.869484,0.493962
-0.085135,-0.061536,-0.645044,-0.999348,-0.017837,0.031398
-0.075530,-0.103814,-0.688187,-0.000000,-0.869484,-0.493962
-0.051533,-0.098914,-0.696813,0.000000,0.869484,0.493962
-0.087425,-0.060098,-0.717116,-0.999348,-0.017837,0.031398
-0.046477,-0.067553,-0.693260,0.999348,0.017837,-0.031398
-0.074130,-0.131420,-0.599295,0.036111,-0.493639,0.868917
-0.045508,-0.020630,-0.591497,0.000000,0.869484,0.493962
-0.048282,-0.044376,-0.737545,-0.999348,-0.017837,0.031398
-0.088271,-0.028923,-0.726331,0.999348,0.017837,-0.031398
-0.060582,0.057265,-0.728609,0.000000,0.869484,0.493962
-0.042811,-0.099041,-0.594482,-0.999348,-0.017837,0.031398
-0.050003,0.025327,-0.752738,0.999348,0.017837,-0.031398
-0.085872,-0.078307,-0.678052,0.999348,0.017837,-0.031398
-0.083929,-0.045030,-0.597309,-0.999348,-0.017837,0.031398
-0.045779,-0.089736,-0.683660,0.999348,0.017837,-0.031398
-0.086180,-0.089876,-0.694427,-0.999348,-0.017837,0.031398
-0.087029,-0.067415,-0.708671,-0.999348,-0.017837,0.031398
-0.044319,-0.027762,-0.601993,0.999348,0.017837,-0.031398
-0.048117,-0.037396,-0.728335,-0.999348,-0.017837,0.031398
-0.054465,0.044837,-0.706734,-0.000000,-0.869484,-0.493962
-0.077015,-0.000443,-0.627031,0.000000,0.869484,0.493962
-0.058495,-0.071770,-0.744592,-0.000000,-0.869484,-0.493962
-0.084300,-0.035809,-0.603849,0.999348,0.017837,-0.031398
-0.084701,-0.046492,-0.789088,0.000000,0.869484,0.493962
-0.047054,0.018765,-0.662596,0.999348,0.017837,-0.031398
-0.077462,0.000678,-0.766027,0.036111,-0.493639,0.868917
-0.089206,-0.051635,-0.769003,-0.999348,-0.017837,0.031398
-0.088579,-0.056786,-0.751981,0.999348,0.017837,-0.031398
-0.044124,-0.073244,-0.621624,-0.999348,-0.017837,0.031398
-0.046987,-0.085745,-0.719826,0.999348,0.017837,-0.031398
-0.083547,-0.086549,-0.608712,-0.999348,-0.017837,0.031398
-0.059123,-0.101922,-0.583160,0.036111,-0.493639,0.868917
-0.086930,-0.011244,-0.673627,-0.999348,-0.017837,0.031398
-0.086913,-0.077800,-0.710891,-0.999348,-0.017837,0.031398
-0.049392,-0.012861,-0.754965,-0.999348,-0.017837,0.031398
-0.049420,-0.062871,-0.561378,-0.036111,0.493639,-0.868917
-0.072361,0.012751,-0.650256,-0.000000,-0.869484,-0.493962
-0.082897,-0.107349,-0.599839,0.999348,0.017837,-0.031398
-0.072683,-0.147938,-0.610520,-0.000000,-0.869484,-0.493962
-0.048996,0.043505,-0.710358,0.999348,0.017837,-0.031398
-0.083127,-0.116002,-0.612093,-0.999348,-0.017837,0.031398
-0.073744,-0.072814,-0.742755,0.000000,0.869484,0.493962
-0.056974,-0.015401,-0.600702,0.000000,0.869484,0.493962
-0.045733,-0.054639,-0.662261,-0.999348,-0.017837,0.031398
-0.086705,-0.042977,-0.684477,-0.999348,-0.017837,0.031398
-0.043828,-0.059633,-0.604452,-0.999348,-0.017837,0.031398
-0.088531,0.026138,-0.703329,-0.999348,-0.017837,0.031398
-0.075304,0.043761,-0.741641,0.036111,-0.493639,0.868917
-0.045989,-0.086000,-0.688220,-0.999348,-0.017837,0.031398
-0.084093,-0.061085,-0.611620,0.999348,0.017837,-0.031398
-0.048303,-0.061156,-0.747763,0.999348,0.017837,-0.031398
-0.078225,-0.060112,-0.558614,0.036111,-0.493639,0.868917
-0.082589,-0.122964,-0.598933,-0.999348,-0.017837,0.031398
-0.058044,-0.130881,-0.599657,0.036111,-0.493639,0.868917
-0.059491,-0.122635,-0.655059,0.000000,0.869484,0.493962
-0.085366,-0.107245,-0.678367,0.999348,0.017837,-0.031398
-0.089160,0.020022,-0.726845,-0.999348,-0.017837,0.031398
-0.080720,-0.090837,-0.575965,0.036111,-0.493639,0.868917
-0.088577,-0.048014,-0.746913,-0.999348,-0.017837,0.031398
-0.043372,-0.122627,-0.625717,-0.999348,-0.017837,0.031398
-0.086494,-0.079169,-0.698329,-0.999348,-0.017837,0.031398
-0.057847,-0.140461,-0.605108,0.036111,-0.493639,0.868917
-0.049898,-0.007401,-0.767973,-0.999348,-0.017837,0.031398
-0.078604,-0.127730,-0.646091,-0.000000,-0.869484,-0.493962
-0.084750,-0.096710,-0.652798,-0.999348,-0.017837,0.031398
-0.047442,-0.033672,-0.704729,0.999348,0.017837,-0.031398
-0.065852,-0.086625,-0.574190,-0.036111,0.493639,-0.868917
-0.083521,-0.080933,-0.604694,0.999348,0.017837,-0.031398
-0.084525,-0.060252,-0.624922,0.999348,0.017837,-0.031398
-0.046821,-0.038046,-0.687466,-0.999348,-0.017837,0.031398
-0.089018,-0.036293,-0.754306,0.999348,0.017837,-0.031398
-0.083741,-0.080788,-0.611625,0.999348,0.017837,-0.031398
-0.083446,-0.097450,-0.611702,-0.999348,-0.017837,0.031398
-0.083892,-0.112252,-0.634318,-0.999348,-0.017837,0.031398
-0.044166,-0.103517,-0.640157,-0.999348,-0.017837,0.031398
-0.065854,-0.098419,-0.580891,-0.036111,0.493639,-0.868917
-0.083765,-0.056535,-0.598625,-0.999348,-0.017837,0.031398
-0.086805,-0.030176,-0.680385,-0.999348,-0.017837,0.031398
-0.084570,-0.086136,-0.641038,0.999348,0.017837,-0.031398
-0.045682,-0.048757,-0.657282,-0.999348,-0.017837,0.031398
-0.049109,-0.054503,-0.769632,-0.999348,-0.017837,0.031398
-0.088336,0.017280,-0.702163,0.999348,0.017837,-0.031398
-0.046597,-0.079248,-0.703723,0.999348,0.017837,-0.031398
-0.086935,-0.023703,-0.680839,-0.999348,-0.017837,0.031398
-0.042757,-0.085104,-0.584854,0.999348,0.017837,-0.031398
-0.085382,0.033775,-0.687263,0.000000,0.869484,0.493962
-0.089954,-0.010614,-0.769514,0.999348,0.017837,-0.031398
-0.087741,-0.027485,-0.708641,0.999348,0.017837,-0.031398
-0.061161,-0.062890,-0.560901,0.036111,-0.493639,0.868917
-0.089651,-0.015348,-0.762559,-0.999348,-0.017837,0.031398
-0.055430,0.011422,-0.647916,-0.000000,-0.869484,-0.493962
-0.086778,0.049952,-0.737647,-0.036111,0.493639,-0.868917
-0.045920,-0.079599,-0.682374,0.999348,0.017837,-0.031398
-0.089121,-0.012301,-0.743964,0.999348,0.017837,-0.031398
-0.045026,-0.025067,-0.622959,0.999348,0.017837,-0.031398
-0.085921,-0.056726,-0.667351,-0.999348,-0.017837,0.031398
-0.087479,-0.066735,-0.722622,0.999348,0.017837,-0.031398
-0.043441,-0.035071,-0.578176,-0.999348,-0.017837,0.031398
-0.088834,-0.052722,-0.757783,-0.999348,-0.017837,0.031398
-0.046611,-0.052306,-0.688860,-0.999348,-0.017837,0.031398
-0.079850,0.006379,-0.762689,-0.036111,0.493639,-0.868917
-0.042587,-0.120199,-0.599381,-0.999348,-0.017837,0.031398
-0.084727,-0.115814,-0.662903,-0.999348,-0.017837,0.031398
-0.087394,-0.040513,-0.705002,-0.999348,-0.017837,0.031398
-0.054475,-0.080354,-0.571101,0.036111,-0.493639,0.868917
-0.048333,0.021652,-0.701670,-0.999348,-0.017837,0.031398
-0.044941,-0.013853,-0.613863,0.999348,0.017837,-0.031398
-0.077596,-0.007027,-0.615442,-0.000000,-0.869484,-0.493962
-0.076025,0.036520,-0.692094,0.000000,0.869484,0.493962
-0.049016,0.020013,-0.724335,0.999348,0.017837,-0.031398
-0.044797,-0.075450,-0.644290,0.999348,0.017837,-0.031398
-0.042936,-0.116136,-0.591908,0.036111,-0.493639,0.868917
-0.083907,-0.099928,-0.627775,0.999348,0.017837,-0.031398
-0.083921,-0.013588,-0.603892,-0.000000,-0.869484,-0.493962
-0.087249,0.007329,-0.673226,-0.999348,-0.017837,0.031398
-0.080700,-0.019854,-0.777557,-0.036111,0.493639,-0.868917
-0.044885,-0.020490,-0.615874,-0.999348,-0.017837,0.031398
-0.052250,-0.008109,-0.613537,-0.000000,-0.869484,-0.493962
-0.070510,-0.093893,-0.705651,0.000000,0.869484,0.493962
-0.087761,-0.068451,-0.732579,-0.999348,-0.017837,0.031398
-0.085341,-0.062263,-0.652040,0.999348,0.017837,-0.031398
-0.066081,-0.017787,-0.596502,-0.000000,-0.869484,-0.493962
-0.088906,-0.002582,-0.731574,-0.999348,-0.017837,0.031398
-0.055578,-0.018356,-0.595500,-0.000000,-0.869484,-0.493962
-0.070117,-0.069746,-0.748155,-0.000000,-0.869484,-0.493962
-0.089625,0.053595,-0.722552,0.999348,0.017837,-0.031398
-0.087261,-0.001319,-0.678511,0.999348,0.017837,-0.031398
-0.061665,-0.048179,-0.552523,0.036111,-0.493639,0.868917
-0.083708,-0.032604,-0.583198,-0.999348,-0.017837,0.031398
-0.077909,-0.067171,-0.752688,0.000000,0.869484,0.493962
-0.049551,0.003695,-0.750651,-0.999348,-0.017837,0.031398
-0.066639,-0.123499,-0.595106,-0.036111,0.493639,-0.868917
-0.060859,0.036808,-0.692601,0.000000,0.869484,0.493962
-0.064950,-0.068267,-0.750759,-0.000000,-0.869484,-0.493962
-0.067905,-0.054709,-0.774624,0.000000,0.869484,0.493962
-0.077835,0.023369,-0.668944,0.000000,0.869484,0.493962
-0.083399,-0.074321,-0.597076,0.999348,0.017837,-0.031398
-0.082875,-0.058968,-0.571659,0.999348,0.017837,-0.031398
-0.076966,0.004489,-0.635711,0.000000,0.869484,0.493962
-0.082581,-0.099707,-0.585464,0.999348,0.017837,-0.031398
-0.045469,-0.068184,-0.661532,-0.999348,-0.017837,0.031398
-0.045620,-0.016009,-0.636712,0.999348,0.017837,-0.031398
-0.047348,0.011400,-0.676146,0.999348,0.017837,-0.031398
-0.045006,-0.038501,-0.629953,0.999348,0.017837,-0.031398
-0.044626,-0.053970,-0.626633,-0.999348,-0.017837,0.031398
-0.084890,-0.077859,-0.646515,0.999348,0.017837,-0.031398
-0.089727,0.012769,-0.748998,0.999348,0.017837,-0.031398
-0.049835,-0.023077,-0.774891,0.999348,0.017837,-0.031398
-0.048998,-0.125427,-0.650144,-0.000000,-0.869484,-0.493962
-0.083260,-0.036755,-0.571308,-0.999348,-0.017837,0.031398
-0.089732,0.020971,-0.744496,-0.999348,-0.017837,0.031398
-0.045982,-0.119530,-0.660524,-0.000000,-0.869484,-0.493962
-0.085396,0.001668,-0.630747,0.000000,0.869484,0.493962
-0.044878,-0.048250,-0.631402,0.999348,0.017837,-0.031398
-0.054478,-0.044459,-0.792625,0.036111,-0.493639,0.868917
-0.075217,0.048092,-0.712464,0.000000,0.869484,0.493962
-0.084602,-0.047521,-0.620133,0.999348,0.017837,-0.031398
-0.046082,-0.001749,-0.643318,0.999348,0.017837,-0.031398
-0.082807,-0.142382,-0.616880,0.999348,0.017837,-0.031398
-0.077970,-0.087365,-0.717141,0.000000,0.869484,0.493962
-0.053818,-0.104768,-0.584997,-0.036111,0.493639,-0.868917
-0.055251,-0.053305,-0.777095,0.000000,0.869484,0.493962
-0.048159,-0.023486,-0.721771,0.999348,0.017837,-0.031398
-0.081419,-0.111718,-0.674275,-0.000000,-0.869484,-0.493962
-0.052176,-0.139225,-0.625856,0.000000,0.869484,0.493962
-0.044376,-0.059926,-0.622051,-0.999348,-0.017837,0.031398
-0.050526,-0.028311,-0.577976,0.000000,0.869484,0.493962
-0.088748,0.032219,-0.706799,0.999348,0.017837,-0.031398
-0.050649,-0.083459,-0.724017,0.000000,0.869484,0.493962
-0.048804,0.014236,-0.720881,0.999348,0.017837,-0.031398
-0.070036,-0.122492,-0.655310,-0.000000,-0.869484,-0.493962
-0.047424,-0.061874,-0.720186,0.999348,0.017837,-0.031398
-0.087733,0.025601,-0.678248,0.999348,0.017837,-0.031398
-0.043137,-0.099679,-0.605211,0.999348,0.017837,-0.031398
-0.049527,-0.072073,-0.566602,0.036111,-0.493639,0.868917
-0.049947,0.014725,-0.756971,0.999348,0.017837,-0.031398
-0.083466,-0.103147,-0.615583,-0.999348,-0.017837,0.031398
-0.048673,-0.030046,-0.741873,-0.999348,-0.017837,0.031398
-0.043191,-0.078771,-0.595061,0.999348,0.017837,-0.031398
-0.088474,-0.015714,-0.725296,0.999348,0.017837,-0.031398
-0.087949,-0.063761,-0.735881,-0.999348,-0.017837,0.031398
-0.048218,0.008368,-0.642541,-0.000000,-0.869484,-0.493962
-0.048266,-0.050249,-0.740390,0.999348,0.017837,-0.031398
-0.044775,-0.030635,-0.618123,0.999348,0.017837,-0.031398
-0.088001,-0.054739,-0.732421,-0.999348,-0.017837,0.031398
-0.087990,-0.037832,-0.722456,0.999348,0.017837,-0.031398
-0.086062,-0.049073,-0.667473,0.999348,0.017837,-0.031398
-0.046706,-0.066885,-0.700167,0.999348,0.017837,-0.031398
-0.043413,-0.044585,-0.582685,-0.999348,-0.017837,0.031398
-0.045393,-0.059062,-0.653954,0.999348,0.017837,-0.031398
-0.043884,-0.028878,-0.588758,0.999348,0.017837,-0.031398
-0.088152,-0.066839,-0.753273,0.000000,0.869484,0.493962
-0.059549,0.027651,-0.676482,-0.000000,-0.869484,-0.493962
-0.051997,-0.021641,-0.589717,-0.000000,-0.869484,-0.493962
-0.055286,0.049910,-0.738980,0.036111,-0.493639,0.868917
-0.084389,-0.073860,-0.628317,0.999348,0.017837,-0.031398
-0.075538,-0.032208,-0.784790,0.036111,-0.493639,0.868917
-0.065063,0.056614,-0.734765,0.036111,-0.493639,0.868917
-0.083068,-0.109569,-0.606554,0.999348,0.017837,-0.031398
-0.079033,0.015211,-0.654586,-0.000000,-0.869484,-0.493962
-0.081791,-0.054247,-0.555133,-0.036111,0.493639,-0.868917
-0.052672,-0.129766,-0.642507,0.000000,0.869484,0.493962
-0.089274,-0.027248,-0.757314,-0.999348,-0.017837,0.031398
-0.055944,-0.125954,-0.649216,0.000000,0.869484,0.493962
-0.089959,0.033262,-0.744727,-0.999348,-0.017837,0.031398
-0.044332,-0.038516,-0.608501,-0.999348,-0.017837,0.031398
-0.045244,-0.096894,-0.670686,0.999348,0.017837,-0.031398
-0.084829,-0.038849,-0.622429,0.999348,0.017837,-0.031398
-0.045030,-0.100728,-0.666064,0.999348,0.017837,-0.031398
-0.087391,-0.073864,-0.723850,0.999348,0.017837,-0.031398
-0.080061,0.051953,-0.719260,-0.000000,-0.869484,-0.493962
-0.082485,-0.112105,-0.589445,0.999348,0.017837,-0.031398
-0.088721,-0.036712,-0.745085,0.999348,0.017837,-0.031398
-0.060389,-0.032475,-0.570647,0.000000,0.869484,0.493962
-0.047940,0.023355,-0.688187,-0.999348,-0.017837,0.031398
-0.089092,-0.024184,-0.749785,-0.999348,-0.017837,0.031398
-0.048935,-0.091800,-0.709334,-0.000000,-0.869484,-0.493962
-0.046348,-0.077761,-0.694958,0.999348,0.017837,-0.031398
-0.042569,-0.058585,-0.563799,0.999348,0.017837,-0.031398
-0.045335,-0.055048,-0.649805,0.999348,0.017837,-0.031398
-0.084112,-0.119675,-0.645540,0.999348,0.017837,-0.031398
-0.043309,-0.074654,-0.568326,0.036111,-0.493639,0.868917
-0.044726,-0.071581,-0.639820,0.999348,0.017837,-0.031398
-0.044181,-0.092802,-0.634522,-0.999348,-0.017837,0.031398
-0.045632,-0.085072,-0.676338,-0.999348,-0.017837,0.031398
-0.054661,0.058257,-0.734263,-0.036111,0.493639,-0.868917
-0.049751,-0.032385,-0.777501,-0.999348,-0.017837,0.031398
-0.045252,-0.021704,-0.628229,-0.999348,-0.017837,0.031398
-0.088077,0.026313,-0.688803,0.999348,0.017837,-0.031398
-0.087293,-0.017034,-0.688462,0.999348,0.017837,-0.031398
-0.045214,-0.039937,-0.637388,-0.999348,-0.017837,0.031398
-0.066832,0.035019,-0.689452,0.000000,0.869484,0.493962
-0.080273,-0.107741,-0.585587,0.036111,-0.493639,0.868917
-0.064209,0.040950,-0.699892,-0.000000,-0.869484,-0.493962
-0.069677,-0.091109,-0.576579,-0.036111,0.493639,-0.868917
-0.047852,0.006365,-0.695053,-0.999348,-0.017837,0.031398
-0.089519,0.011524,-0.759364,0.036111,-0.493639,0.868917
-0.046561,-0.003243,-0.659418,-0.999348,-0.017837,0.031398
-0.075783,-0.084073,-0.572328,-0.036111,0.493639,-0.868917
-0.075689,-0.143779,-0.617841,-0.000000,-0.869484,-0.493962
-0.047490,-0.133981,-0.635087,-0.000000,-0.869484,-0.493962
-0.089472,0.012325,-0.741133,0.999348,0.017837,-0.031398
-0.070856,-0.115461,-0.667686,-0.000000,-0.869484,-0.493962
-0.057309,-0.144302,-0.616921,0.000000,0.869484,0.493962
-0.063266,-0.085736,-0.720008,0.000000,0.869484,0.493962
-0.088958,-0.042469,-0.755898,-0.999348,-0.017837,0.031398
-0.087536,0.007080,-0.682479,-0.999348,-0.017837,0.031398
-0.048417,0.013072,-0.709222,0.999348,0.017837,-0.031398
-0.056626,0.032200,-0.684489,-0.000000,-0.869484,-0.493962
-0.089038,-0.007351,-0.738510,-0.999348,-0.017837,0.031398
-0.046863,-0.005639,-0.670394,0.999348,0.017837,-0.031398
-0.045545,-0.060624,-0.659680,0.999348,0.017837,-0.031398
-0.085320,-0.027103,-0.631371,0.999348,0.017837,-0.031398
-0.059107,-0.089194,-0.575930,0.036111,-0.493639,0.868917
-0.049455,0.009444,-0.744319,-0.999348,-0.017837,0.031398
-0.042570,-0.102047,-0.588501,0.999348,0.017837,-0.031398
-0.089521,0.024616,-0.735704,0.999348,0.017837,-0.031398
-0.046115,-0.122951,-0.654502,0.000000,0.869484,0.493962
-0.089799,0.000150,-0.758476,0.999348,0.017837,-0.031398
-0.050828,-0.001251,-0.768230,0.036111,-0.493639,0.868917
-0.046853,-0.024044,-0.680526,-0.999348,-0.017837,0.031398
-0.047814,-0.018920,-0.708211,-0.999348,-0.017837,0.031398
-0.049995,0.046711,-0.740338,-0.999348,-0.017837,0.031398
-0.049420,0.022024,-0.736048,0.999348,0.017837,-0.031398
-0.054614,-0.108789,-0.679431,-0.000000,-0.869484,-0.493962
-0.084674,-0.103383,-0.654165,0.999348,0.017837,-0.031398
-0.049405,0.031381,-0.730255,0.999348,0.017837,-0.031398
-0.049762,-0.015691,-0.768362,-0.999348,-0.017837,0.031398
-0.084331,-0.043655,-0.609316,-0.999348,-0.017837,0.031398
-0.044385,-0.114534,-0.653367,0.999348,0.017837,-0.031398
-0.089691,-0.044634,-0.780453,0.999348,0.017837,-0.031398
-0.086001,-0.016401,-0.646990,0.999348,0.017837,-0.031398
-0.083357,-0.061617,-0.588501,-0.999348,-0.017837,0.031398
-0.042767,-0.075901,-0.579930,-0.999348,-0.017837,0.031398
-0.088340,0.006750,-0.708281,0.999348,0.017837,-0.031398
-0.068174,-0.126396,-0.648438,0.000000,0.869484,0.493962
-0.088632,0.001693,-0.720435,0.999348,0.017837,-0.031398
-0.049399,-0.126488,-0.597520,-0.036111,0.493639,-0.868917
-0.047342,-0.018280,-0.692803,-0.999348,-0.017837,0.031398
-0.084983,-0.029312,-0.621909,-0.999348,-0.017837,0.031398
-0.057973,0.030582,-0.749848,0.036111,-0.493639,0.868917
-0.042617,-0.063613,-0.568167,0.999348,0.017837,-0.031398
-0.088103,0.011365,-0.698097,0.999348,0.017837,-0.031398
-0.088223,-0.020943,-0.720275,0.999348,0.017837,-0.031398
-0.048386,-0.020545,-0.727336,0.999348,0.017837,-0.031398
-0.085217,-0.052148,-0.642334,-0.999348,-0.017837,0.031398
-0.071790,0.052458,-0.720149,0.000000,0.869484,0.493962
-0.084347,-0.111463,-0.648324,0.999348,0.017837,-0.031398
-0.086391,-0.039375,-0.672443,0.999348,0.017837,-0.031398
-0.058173,0.003011,-0.633111,-0.000000,-0.869484,-0.493962
-0.047688,-0.049301,-0.721458,0.999348,0.017837,-0.031398
-0.043932,-0.099543,-0.630450,-0.999348,-0.017837,0.031398
-0.086009,-0.001523,-0.638775,0.999348,0.017837,-0.031398
-0.049559,0.053537,-0.722587,0.999348,0.017837,-0.031398
-0.089432,0.005199,-0.743898,0.999348,0.017837,-0.031398
-0.044691,-0.012784,-0.605316,-0.999348,-0.017837,0.031398
-0.044905,-0.054639,-0.635898,0.999348,0.017837,-0.031398
-0.086552,-0.004550,-0.657776,-0.999348,-0.017837,0.031398
-0.086761,-0.075351,-0.704671,-0.999348,-0.017837,0.031398
-0.049545,-0.101233,-0.583167,0.036111,-0.493639,0.868917
-0.045171,-0.028670,-0.629601,-0.999348,-0.017837,0.031398
-0.065425,0.052467,-0.720165,-0.000000,-0.869484,-0.493962
-0.066442,-0.142120,-0.605693,-0.036111,0.493639,-0.868917
-0.084417,-0.027527,-0.602892,-0.999348,-0.017837,0.031398
-0.057893,-0.070481,-0.565349,-0.036111,0.493639,-0.868917
-0.054771,0.010808,-0.761215,-0.036111,0.493639,-0.868917
-0.047982,-0.048712,-0.730476,-0.999348,-0.017837,0.031398
-0.082275,-0.059670,-0.765891,-0.000000,-0.869484,-0.493962
-0.046343,-0.092661,-0.703277,-0.999348,-0.017837,0.031398
-0.083591,-0.064209,-0.597437,0.999348,0.017837,-0.031398
-0.087578,-0.053957,-0.718510,-0.999348,-0.017837,0.031398
-0.056964,-0.004473,-0.769805,-0.036111,0.493639,-0.868917
-0.065732,0.022820,-0.667979,0.000000,0.869484,0.493962
-0.086142,-0.064991,-0.679066,-0.999348,-0.017837,0.031398
-0.055019,-0.046110,-0.551624,0.036111,-0.493639,0.868917
-0.048488,-0.007109,-0.722931,0.999348,0.017837,-0.031398
-0.082768,-0.124221,-0.605320,-0.999348,-0.017837,0.031398
-0.084002,-0.077573,-0.618106,0.999348,0.017837,-0.031398
-0.043728,-0.068100,-0.606091,0.999348,0.017837,-0.031398
-0.043185,-0.128683,-0.623209,0.999348,0.017837,-0.031398
-0.083049,-0.063967,-0.580056,0.999348,0.017837,-0.031398
-0.051241,0.037816,-0.694376,0.000000,0.869484,0.493962
-0.046823,-0.059043,-0.699447,0.999348,0.017837,-0.031398
-0.073530,-0.111307,-0.674998,-0.000000,-0.869484,-0.493962
-0.048244,0.030072,-0.694058,-0.999348,-0.017837,0.031398
-0.044216,-0.097998,-0.638590,0.999348,0.017837,-0.031398
-0.089386,0.033398,-0.726435,0.999348,0.017837,-0.031398
-0.085503,-0.081768,-0.668261,-0.999348,-0.017837,0.031398
-0.064404,0.025839,-0.673293,0.000000,0.869484,0.493962
-0.089662,0.031978,-0.736029,0.999348,0.017837,-0.031398
-0.087449,0.016993,-0.674093,-0.999348,-0.017837,0.031398
-0.044408,-0.098019,-0.644741,-0.999348,-0.017837,0.031398
-0.050363,-0.025288,-0.781905,0.036111,-0.493639,0.868917
-0.046352,-0.020583,-0.662600,0.999348,0.017837,-0.031398
-0.058981,-0.098948,-0.696753,-0.000000,-0.869484,-0.493962
-0.078493,-0.014740,-0.774743,-0.036111,0.493639,-0.868917
-0.086554,0.003861,-0.653076,-0.999348,-0.017837,0.031398
-0.084033,-0.088338,-0.625202,-0.999348,-0.017837,0.031398
-0.049818,-0.043860,-0.786143,-0.999348,-0.017837,0.031398
-0.083811,-0.096327,-0.622678,0.999348,0.017837,-0.031398
-0.049615,-0.048695,-0.782427,0.999348,0.017837,-0.031398
-0.046680,-0.012869,-0.668669,-0.999348,-0.017837,0.031398
-0.044164,-0.053389,-0.611621,0.999348,0.017837,-0.031398
-0.088767,-0.048306,-0.753126,0.999348,0.017837,-0.031398
-0.045908,-0.049085,-0.664664,-0.999348,-0.017837,0.031398
-0.062843,0.042431,-0.742915,-0.036111,0.493639,-0.868917
-0.079295,-0.130787,-0.640709,0.000000,0.869484,0.493962
-0.088000,-0.020820,-0.713113,-0.999348,-0.017837,0.031398
-0.084022,-0.026877,-0.589945,0.999348,0.017837,-0.031398
-0.061301,-0.043355,-0.791714,-0.036111,0.493639,-0.868917
-0.044643,-0.107507,-0.657604,-0.999348,-0.017837,0.031398
-0.086143,-0.074048,-0.684256,-0.999348,-0.017837,0.031398
-0.085720,-0.095436,-0.682947,-0.999348,-0.017837,0.031398
-0.049770,0.047137,-0.732942,-0.999348,-0.017837,0.031398
